0 1044
1 3667
2 4467
2 3749
3 2437
3 4779
4 467
4 4280
4 4813
5 4584
5 2564
6 313
6 1654
6 2145
7 3855
7 123
7 1462
8 3866
9 2974
10 341
11 2070
11 1481
12 1948
12 392
12 2865
13 1551
14 277
15 1589
15 4407
15 1541
16 2240
17 4632
18 3827
18 2800
19 328
19 1448
19 2218
20 500
20 4550
21 4080
21 3598
22 4301
23 213
23 4650
23 2981
24 2833
24 3497
25 2907
25 4473
26 2535
26 4697
27 3898
28 467
28 3628
28 4545
28 989
29 1230
29 1548
30 3307
30 2457
31 1582
31 277
31 3060
31 4653
31 1827
32 4134
33 1834
34 2475
34 1425
34 4969
34 1214
34 4668
35 4399
35 4882
35 1607
36 2914
36 2912
36 3521
37 4711
37 3329
37 721
37 4195
38 3930
38 2393
38 4245
38 4226
39 4924
39 4822
40 4125
41 4181
42 615
43 3470
43 3331
43 1246
43 4255
43 2033
43 159
43 1673
44 1214
45 280
45 1839
46 2569
47 1920
47 1523
48 2661
49 1708
49 3234
49 2218
49 1771
49 3110
50 2039
51 3451
51 4795
52 3057
52 159
53 3759
54 4862
55 3814
55 1452
55 3889
56 3161
57 809
58 2904
59 59
59 1441
59 2218
59 593
59 1234
60 4635
61 4561
62 1621
63 1468
63 4309
63 1474
63 2800
63 2980
64 4936
64 3445
65 3514
65 1888
66 2802
67 1533
67 1533
68 1986
68 1290
69 2756
69 2320
70 2552
71 2867
71 1208
72 2696
73 4916
74 336
75 4419
75 3775
76 753
76 2693
76 3862
77 1427
78 1313
78 4027
78 4134
78 1831
78 4605
78 4604
78 1521
79 363
79 277
79 3994
80 3360
80 1313
80 1521
80 4056
80 4076
81 2144
82 1065
82 1298
82 2342
83 4652
84 1025
85 1564
86 38
87 4518
87 2
87 3479
87 3044
87 2812
88 2444
88 1240
89 4353
90 2817
91 4588
91 1384
91 646
92 1467
92 4507
93 2602
93 1567
94 4455
94 789
95 1418
95 771
96 4152
96 3625
96 2178
96 3757
96 3543
97 693
97 4765
98 832
98 2340
98 2375
98 3254
98 3701
99 881
100 2894
101 497
101 2808
102 664
103 327
104 1176
104 1803
105 3123
106 2257
106 4339
106 1056
106 4881
107 4353
108 4405
109 4160
109 648
110 3254
110 4925
110 4418
110 356
110 4869
111 2383
111 2506
111 2400
112 1725
113 2939
113 610
113 4206
114 3625
114 4511
115 3330
116 3938
116 1690
117 2558
117 1141
117 2240
117 453
118 1478
119 1892
119 353
120 1786
120 2463
121 3773
121 3528
122 2096
122 1323
123 1130
124 277
125 338
126 2195
127 938
128 2053
129 4039
130 3921
130 1583
131 4388
131 1658
131 2534
132 1628
133 3163
134 2963
134 914
134 914
134 1675
134 3080
135 2099
135 992
136 949
137 2617
138 2302
139 2982
139 3243
139 1175
140 319
140 789
140 2112
140 2761
141 3719
142 590
143 2070
143 4230
143 3874
144 526
144 180
145 832
145 1950
146 4397
147 4236
148 3036
148 3164
149 2687
149 3074
149 4690
149 925
150 3494
150 2980
150 2980
151 4950
151 1206
152 4170
153 2384
154 1327
155 1935
156 742
157 3856
157 2854
157 4317
157 1321
157 109
157 2167
157 4316
158 4977
158 1740
158 2192
159 4213
159 3684
159 1797
159 1539
160 4144
160 487
160 3847
160 2955
161 4485
162 179
162 3913
163 3424
164 2130
165 949
165 116
165 1056
165 1582
166 3698
166 4482
166 3294
166 3939
166 4933
166 2999
166 1898
166 2980
167 149
167 4411
168 1670
168 3598
169 868
170 581
171 4114
171 4180
172 3926
172 970
173 3562
174 388
174 3255
175 1102
175 3350
176 1427
177 3367
178 4044
178 1254
179 525
180 343
181 2676
182 668
182 127
183 2179
184 3812
184 1221
184 1178
184 1518
184 2308
185 2953
185 277
185 2756
185 3316
186 2326
187 1393
187 3651
187 1452
188 2223
188 3452
188 4815
189 209
189 2909
189 3375
190 2326
190 581
191 3042
192 2172
192 3294
192 1737
193 2964
194 1572
195 4121
195 2125
195 1090
196 1654
196 4419
197 581
197 560
198 1949
198 3538
199 2779
199 4276
200 3801
200 1988
200 4983
201 4689
201 1191
201 4535
201 4106
201 613
202 3971
203 2628
203 148
203 3698
204 2039
205 4612
206 4314
207 4722
208 806
208 2840
208 3147
208 334
209 3112
209 3310
210 4453
210 4380
211 897
211 2053
212 421
212 935
213 3042
213 2172
214 4512
215 690
215 690
216 3957
217 1773
218 4026
218 1214
218 245
219 2220
219 3718
219 3347
219 3508
220 4828
221 2964
221 1867
221 3526
222 4081
222 703
223 1771
223 3824
223 2218
224 501
224 4405
225 2620
226 4960
227 3833
228 451
228 4729
228 3234
228 1644
229 619
229 4211
229 1834
230 3800
230 2313
230 4595
231 3784
231 2258
231 440
232 1181
232 650
232 4389
232 2707
233 4802
234 4571
234 1394
234 1482
235 2164
235 3757
236 2725
237 76
238 840
238 666
239 2654
240 2649
240 3799
241 2275
242 358
243 658
244 2632
245 3936
245 2901
246 2829
247 1591
247 1546
247 1489
248 4106
248 2357
249 4405
249 4880
249 4980
249 4673
250 3827
251 4502
252 829
252 281
252 851
253 1465
253 1949
254 3858
254 498
254 1427
254 1427
254 96
255 4859
255 4082
255 1423
255 1617
256 1714
256 1799
256 1435
256 4784
256 4244
257 2556
258 1973
258 2356
259 3157
260 2262
261 1685
261 1967
262 2912
263 839
263 3198
263 3947
264 3642
264 3880
264 2522
264 459
265 2139
266 815
266 4049
266 2345
267 2715
267 1654
267 4424
268 3254
269 654
269 4142
269 2547
270 3487
271 2690
272 1883
272 1416
273 4039
273 2871
273 2422
274 4222
275 4341
275 4376
275 4363
276 2118
277 1297
278 3535
279 3498
280 4546
280 2956
281 1572
281 1602
282 802
282 625
283 2065
284 3714
285 4813
286 1141
286 983
286 1516
286 4134
286 2777
287 1002
287 4816
287 230
288 2218
289 3481
290 2260
290 2260
291 3159
292 2515
292 4568
293 1777
294 1530
295 4533
296 3170
296 1696
297 368
298 2794
298 2124
299 864
300 3280
300 4205
301 4336
301 961
302 4072
303 3793
304 3506
304 3506
304 2498
304 1689
305 3651
305 4674
305 1862
305 20
305 3478
306 1312
306 1809
307 1352
307 4975
307 4975
308 321
309 1255
309 2210
309 3276
309 787
310 1282
310 4885
311 3077
311 583
312 1098
312 3019
313 2642
313 1557
314 3886
314 3404
314 325
314 1911
315 4873
316 437
317 4135
317 3854
317 4372
318 2889
319 1768
319 1850
320 3694
320 4435
321 1555
321 3739
321 2991
322 2519
323 3643
324 2235
325 1657
326 2949
326 3576
326 3886
326 3908
327 364
328 3636
329 2840
330 3205
330 4180
330 2732
331 896
331 2053
331 4000
332 3182
333 2937
333 3119
334 2450
335 4505
335 1969
336 2763
336 2438
337 1964
338 3854
339 4302
339 1599
339 4925
340 1043
340 3482
341 3058
342 1043
342 1030
342 2831
342 2192
342 2274
342 4736
342 2827
343 2804
344 1138
345 4027
346 4410
347 1669
347 4600
347 4695
347 4603
348 4118
349 1006
350 780
351 1290
351 3074
352 2312
352 412
352 2901
353 239
353 3820
354 3491
354 4925
354 4925
355 890
356 3287
357 4067
358 3042
358 2769
358 2857
359 2109
359 3253
359 72
359 657
360 4864
361 4747
361 913
362 3975
363 2954
363 1411
364 4452
365 2388
365 47
366 2627
366 3625
366 1959
367 3228
368 672
369 526
370 365
371 3854
371 646
371 3482
371 1384
371 2482
372 1555
372 4391
372 4741
373 2269
374 4385
374 4185
374 2948
374 1544
374 74
375 1313
375 4677
376 1181
377 394
378 856
379 89
380 3195
381 584
382 4876
383 2667
383 2190
383 244
383 2250
383 404
384 878
384 2187
384 1678
384 384
385 2137
385 203
385 4728
386 1938
386 2818
386 3516
387 2503
387 3423
388 411
389 444
390 1737
390 2980
390 1509
391 2215
391 306
391 1511
392 2269
392 4733
393 4031
394 4460
394 92
394 1283
395 2457
396 1597
397 3240
398 3725
399 3047
399 570
399 570
400 1337
400 774
401 3110
401 4134
401 869
402 2078
403 921
403 1991
404 0
405 4553
405 2286
406 4988
407 4007
408 2860
409 4287
410 1668
411 2031
411 383
411 269
412 3134
412 3827
413 3909
414 1851
414 2492
415 4511
416 4103
416 3916
416 4964
416 3852
417 449
418 4824
419 192
419 1103
419 2856
420 1234
421 477
422 4519
423 3532
424 4087
424 2766
425 1384
426 424
426 4750
427 760
428 3644
429 4114
429 1715
429 4203
429 3543
429 1798
429 4415
429 3757
429 1586
429 1278
429 4152
430 4733
431 2475
431 1214
432 1195
432 2433
432 2544
433 1840
433 1889
433 3885
433 1923
433 1922
434 2070
434 1090
434 2594
434 2509
434 4857
434 1090
434 1722
434 769
435 2178
435 3888
435 3011
436 1116
437 1008
438 3700
439 3804
440 2672
440 4244
440 4122
440 3505
440 296
440 1714
440 2289
441 4511
441 2645
441 2927
441 4162
441 535
442 2480
443 148
443 2791
443 4216
444 4800
444 1152
444 777
444 2766
445 2482
445 4630
445 2476
445 785
445 2713
445 1509
446 2611
447 2168
447 4809
447 4201
447 3943
448 868
449 2388
450 738
450 4114
451 526
452 759
453 4511
453 1578
453 3030
453 2403
453 704
454 1584
454 2166
455 4439
456 1562
456 3030
457 2939
457 2081
457 195
457 3006
458 1836
459 2468
459 4936
459 1673
459 1389
460 4428
460 1108
460 3804
461 3816
462 4918
462 1086
462 720
463 3513
464 1471
464 1063
465 2864
466 231
466 1372
467 4552
468 4509
469 1295
470 3495
470 1590
471 1306
471 370
471 665
472 2727
472 2218
473 3360
474 1151
474 1557
475 4928
476 764
477 799
477 4572
478 2156
479 453
480 3468
481 156
481 2725
481 4294
482 742
483 1574
483 3606
483 2404
484 4746
484 2460
484 1335
485 2964
486 273
486 1767
487 3639
488 3284
488 167
488 472
489 577
490 4625
491 4835
492 243
493 122
493 3
493 1916
494 2844
495 1536
496 226
497 2655
498 116
498 116
498 3863
498 3995
499 61
500 3666
500 2600
501 4651
502 1014
503 3942
503 4820
503 3191
504 190
504 3234
504 4438
504 2679
505 4360
506 3739
506 3358
506 2218
506 3363
507 2554
507 2448
507 928
507 81
507 2677
508 2086
509 1739
509 89
510 856
510 2887
511 875
511 2202
512 4967
513 4048
513 3873
513 2617
514 3609
514 3609
515 3170
516 3172
517 4648
517 638
517 2138
518 4191
519 4283
519 4244
519 3873
519 2517
520 1453
520 1718
521 2763
521 3245
521 3133
521 349
521 4868
522 3026
522 917
523 3472
523 701
523 1601
524 114
524 3419
525 97
525 784
525 4425
525 4244
526 4751
527 4554
527 1219
527 1025
528 184
529 2267
530 1323
530 4152
531 3684
532 4494
532 2434
533 2808
534 886
535 4869
535 600
536 4874
536 3553
537 3928
537 2715
538 1396
538 2761
538 634
538 1000
539 1591
539 4323
539 2999
539 690
540 3015
541 1867
542 4158
543 116
544 2496
545 4800
545 3901
546 4233
547 2228
547 1355
548 387
549 1040
549 1775
550 4559
551 1943
551 2437
552 859
553 1222
554 379
554 1072
555 824
556 528
556 120
557 2537
558 473
558 4712
559 2821
559 865
559 4394
559 3387
560 4973
561 116
561 3350
561 3792
561 250
562 844
563 3537
563 703
563 20
563 4335
564 648
565 443
565 2432
565 566
566 453
566 502
566 533
566 1266
566 7
566 3524
567 4138
568 1380
569 4754
570 4794
570 197
570 3636
570 3270
571 1214
571 4757
571 2591
571 245
571 2220
571 2889
572 2826
572 3540
572 4114
573 2817
574 4955
574 4837
574 2269
574 1765
575 2444
575 4459
575 2348
575 4903
575 4054
575 4636
575 2660
575 2989
575 2156
576 238
577 1400
577 4129
577 1963
578 2980
579 1511
579 2947
580 2040
580 3437
580 4874
581 525
582 3245
582 4954
582 541
583 1395
583 1229
584 3361
585 3507
585 1102
585 2278
586 3435
587 685
588 2945
588 4068
588 3316
588 1124
588 3337
588 1464
589 2517
590 1234
591 277
592 4741
592 4218
593 3435
593 2748
593 4191
593 473
593 4377
594 2265
594 1158
595 585
596 467
596 1513
597 1767
598 1572
598 1043
598 1235
599 3361
599 2503
599 3757
599 2850
600 375
600 2805
601 1764
601 4025
602 2178
603 116
603 3366
604 1785
605 3946
605 3313
606 4856
606 4415
607 2642
607 3258
608 973
609 404
610 3299
610 638
610 1233
610 1248
611 3428
611 4101
612 2300
612 4243
612 3903
613 2488
613 2379
614 2580
614 1224
615 4399
615 309
616 1721
616 3918
617 559
618 717
619 3983
620 1918
620 3118
620 553
621 1882
622 3958
623 4564
623 1383
623 4613
623 2980
623 2980
623 1509
623 451
623 3294
624 2725
624 3084
624 4191
624 1296
625 3359
626 2810
627 4068
628 3287
628 129
629 1673
629 3426
629 2959
629 4839
629 2959
630 1904
630 3171
630 2913
630 2552
630 1562
631 2932
632 3030
632 4667
632 985
632 3989
632 985
633 1863
634 1772
634 2021
635 4076
635 1071
635 453
635 3081
635 1545
636 482
637 3377
638 1623
638 3000
639 3938
640 3254
640 4869
640 1086
640 2095
641 3943
642 451
642 4489
643 3294
643 3341
643 3042
643 1028
643 3894
643 1316
643 2980
643 324
643 2201
644 4462
645 4317
646 4502
646 4255
647 4134
648 3259
649 2324
650 320
650 4606
650 1303
651 1675
652 3536
652 1825
653 927
653 3909
654 1486
655 648
656 246
656 3756
656 843
656 4250
656 441
657 2947
657 2849
657 4972
658 1102
659 1524
660 1011
661 2181
661 1578
661 2268
662 4376
663 2374
663 4289
663 3858
664 1416
664 4196
664 4671
665 1262
666 1185
666 2641
667 2119
667 321
668 2356
669 4794
670 497
671 919
671 3329
671 1141
672 3863
673 206
673 4551
674 3940
675 3751
675 1589
676 687
677 2975
678 968
678 4879
679 2444
680 4012
681 4008
682 3800
682 898
682 127
683 381
683 2336
684 1316
684 377
685 1894
685 4545
685 2384
686 1773
686 2287
686 3259
686 1528
687 1515
688 3401
689 1488
689 920
690 4092
690 3721
691 4051
691 2258
691 3594
691 1952
691 630
692 299
693 3676
694 3186
695 4139
695 32
696 3520
696 4729
697 4316
698 2514
699 2129
699 1109
699 3461
700 1262
701 1039
701 2106
701 164
701 2029
702 1770
703 4420
703 1198
703 2946
703 4152
703 1586
703 4644
703 313
703 4114
703 1586
704 4511
705 116
705 3476
705 2666
705 2751
706 3584
706 3590
707 2216
707 130
707 1389
707 3673
708 3038
709 3510
710 3632
710 4347
711 3139
712 1471
712 4137
713 416
714 3757
715 1056
715 3305
716 2422
716 4039
716 1012
716 3797
717 1445
717 4931
717 3715
718 840
719 2778
720 4761
721 232
722 1107
723 916
724 1558
725 4847
725 4847
725 2074
726 3505
727 4013
727 2715
727 3123
727 3804
728 4034
729 3802
729 1279
730 4191
730 4134
730 4375
730 1376
730 1102
731 2200
731 2799
732 3712
732 2321
732 4410
733 1654
733 3757
734 2645
735 4457
736 4839
736 4925
736 328
737 277
737 2354
738 2240
738 4001
739 2946
739 3951
739 3012
740 24
741 4981
741 4144
742 2826
742 2178
743 2080
744 3826
744 4288
744 1578
745 2409
745 4850
745 0
746 1726
746 1325
747 115
747 4254
747 4856
747 3030
747 3030
748 88
749 3879
749 4449
750 4090
751 1386
752 3279
753 3490
754 1043
755 1604
756 3080
756 4213
757 3632
757 2630
757 4662
757 847
758 626
759 4064
760 1864
761 1505
762 836
762 3360
762 3380
763 1427
764 4121
764 3307
765 1835
766 3525
766 3625
766 3137
767 937
767 250
767 1486
767 3545
767 1313
768 1854
769 360
770 1704
770 2111
771 3883
771 3332
772 2491
772 1997
772 4422
772 2451
772 1013
772 4279
773 484
774 4016
774 4172
774 3534
775 666
776 1181
777 2943
777 609
778 742
778 801
779 405
779 4547
780 3049
780 3757
781 3732
781 4405
782 4827
783 3180
783 4703
783 2789
784 3024
784 2165
784 354
785 2176
785 242
785 1897
786 1773
787 1802
788 1234
788 33
788 2178
788 1768
788 2033
788 2599
789 4495
790 4944
791 2650
791 4750
792 4475
792 4055
792 4055
793 4057
794 1879
794 1673
794 4610
794 4610
795 4497
796 2121
797 689
798 2038
798 1412
798 4398
799 1207
799 3776
800 558
801 726
802 1449
803 3943
804 4000
805 258
805 2134
805 742
805 1750
806 2403
807 1721
808 4526
809 1732
809 2179
809 3759
809 4449
809 249
810 2868
810 1817
811 240
811 4405
812 3651
813 4608
814 2941
815 1973
815 2790
815 2741
815 3838
816 3361
816 2641
816 99
817 3152
818 3074
818 2545
818 2545
818 868
819 2931
820 2978
821 2609
822 2521
823 2464
823 1283
824 4932
825 3258
826 4745
826 2961
827 4309
827 979
828 3019
828 523
828 2977
828 1178
828 1648
829 4691
829 3592
830 2103
830 519
831 3990
832 2543
833 3192
834 1965
835 165
836 4030
836 4663
837 909
837 2237
838 3694
838 2845
839 77
839 4382
839 1884
840 3706
840 3254
841 1443
841 23
841 4918
842 2790
843 787
844 1552
844 4627
845 300
845 2156
846 1674
846 2678
847 4640
847 4132
847 55
847 2966
847 3071
848 4856
849 4632
850 525
851 3131
852 2356
853 1036
853 4756
854 1433
854 2730
854 1459
854 1690
854 533
854 600
854 2116
855 2592
855 4472
855 2419
856 1681
857 3702
858 2033
858 4511
858 3491
858 4511
859 472
859 33
859 3918
860 3905
860 3374
861 2172
861 2172
862 845
862 3239
862 450
863 1566
863 2866
863 3406
863 1866
864 1629
864 4760
864 3894
864 4760
864 2980
865 3587
866 152
866 2485
867 158
867 531
867 4514
868 1148
869 4929
870 890
871 2839
871 4997
871 489
872 1780
873 1588
873 1183
874 2178
875 2811
876 3683
876 884
876 191
876 4444
877 4024
877 3871
877 2888
877 2024
878 534
878 182
878 1901
878 3200
879 4483
879 277
879 4354
879 712
880 30
881 3918
882 1340
882 2437
882 4202
883 802
883 3708
884 3787
884 4974
884 261
885 3436
886 438
886 2800
886 1468
887 4222
888 4152
889 272
889 3713
890 2034
891 2763
891 2447
891 2756
892 1978
893 4113
894 328
894 2509
895 2218
895 313
895 4046
895 3757
896 2835
896 2677
897 2070
897 2070
898 1973
898 4506
898 2893
899 2542
900 3910
901 789
901 4052
901 462
902 4405
903 4966
904 1102
904 2264
904 1102
905 309
906 4987
906 4188
907 1527
907 3487
908 3530
909 4925
909 3625
910 2702
911 2321
911 1286
911 3881
912 1389
912 2421
913 427
914 2969
914 3739
914 4925
914 525
914 4918
914 741
914 4134
914 4869
915 3777
916 4872
917 1232
918 735
919 611
920 1380
921 321
921 1737
921 3632
921 3657
922 4237
922 1042
922 3168
923 1384
923 3952
924 3515
925 2441
926 1723
927 4397
927 4397
927 3580
927 3580
928 4505
928 3094
929 4220
929 2911
929 1155
930 1509
930 2113
931 1743
931 1692
931 2358
931 3618
932 489
933 3033
933 4508
933 244
934 2670
935 4005
935 824
935 824
936 2664
936 120
936 3268
936 1009
937 4538
938 1043
938 1705
939 3749
940 2806
940 2693
940 2385
941 1480
941 345
941 223
942 1031
942 3294
943 1126
944 1670
945 3948
945 3918
945 258
946 670
947 3876
948 809
948 1509
949 2668
949 882
949 1181
949 868
950 1660
950 2117
951 162
951 4757
951 2889
951 2010
952 4073
952 1084
953 4191
953 3931
954 4447
954 1747
955 3925
956 949
957 1313
957 741
957 2865
958 4682
959 152
959 4353
959 148
959 2420
960 1462
961 3825
961 2602
962 1085
963 1323
963 1714
963 2027
964 1050
965 2214
966 4584
967 417
968 4733
968 4558
968 845
968 2817
969 2047
969 4656
969 1274
970 4856
970 1798
971 2568
972 2934
973 2378
974 1839
974 731
975 1685
975 1434
975 4329
976 4262
976 1069
976 571
977 4052
978 4408
978 1594
978 4859
979 610
979 4810
979 2528
980 1711
980 4602
980 4074
980 1834
981 3693
982 2335
982 4019
983 4013
984 3388
985 635
986 313
986 1311
986 472
986 2145
986 2561
987 1266
988 4191
988 3020
989 28
989 619
990 1486
990 4607
990 1043
991 62
992 1355
992 2172
992 337
992 1898
993 1670
993 3358
993 2468
994 2211
995 4137
996 2249
997 4479
998 3598
999 4871
999 2907
999 1891
999 3113
1000 1819
1000 994
1000 2538
1001 3647
1001 3290
1001 738
1001 1428
1002 3352
1002 2134
1003 4530
1004 4737
1004 1954
1004 1504
1005 1201
1006 4826
1007 4077
1008 2431
1008 3755
1009 1512
1009 1892
1009 360
1010 2050
1010 2217
1011 1831
1011 4744
1012 4909
1013 4635
1014 336
1015 4026
1015 816
1016 3370
1017 4602
1018 1251
1019 4056
1020 4462
1020 4542
1020 339
1021 1557
1022 2576
1022 2344
1023 2306
1024 2919
1025 3333
1025 368
1026 4039
1026 1737
1026 2980
1026 809
1027 4971
1027 2813
1027 2863
1027 4776
1028 3014
1029 709
1030 3172
1031 1086
1032 4414
1033 250
1034 59
1034 328
1034 1978
1035 4180
1035 3378
1035 622
1035 2890
1036 56
1037 186
1037 3986
1037 1768
1037 799
1038 3040
1038 309
1039 490
1039 3179
1039 2853
1040 2665
1040 4068
1040 4670
1040 1572
1041 4468
1042 3331
1042 2014
1043 1654
1044 3523
1045 2456
1046 2913
1046 3543
1047 1055
1048 4402
1048 4334
1048 4114
1048 4519
1049 989
1050 3010
1051 1858
1051 3407
1052 1057
1052 2236
1053 3538
1054 1958
1054 1262
1055 3096
1056 3543
1056 3543
1057 2632
1058 4546
1059 422
1059 3220
1060 1140
1060 2428
1060 4511
1061 429
1062 525
1062 3254
1063 3244
1063 3344
1063 2327
1064 4388
1064 4378
1064 622
1064 4857
1064 475
1064 475
1065 521
1066 3713
1066 3041
1067 1332
1067 663
1067 4759
1067 4148
1068 4163
1069 217
1070 3485
1071 2635
1072 2857
1073 69
1074 1638
1074 1908
1075 3054
1075 955
1076 3766
1076 151
1077 2264
1077 1874
1077 4377
1077 2040
1077 209
1078 655
1078 1304
1078 676
1079 723
1080 4505
1081 3970
1082 3119
1082 3119
1083 819
1083 1181
1083 3895
1084 3349
1085 1690
1086 2678
1087 362
1087 97
1087 3968
1087 654
1088 1798
1088 4503
1089 3607
1090 3625
1090 2627
1090 2193
1090 1673
1091 3272
1091 180
1091 1502
1092 1900
1092 3135
1093 4649
1093 4316
1093 515
1093 2364
1094 4207
1095 138
1095 4951
1095 1132
1096 1589
1097 2347
1097 4097
1097 4707
1098 2632
1098 1613
1098 3883
1098 1102
1098 4444
1099 2011
1100 264
1100 1266
1101 1043
1101 2320
1101 2282
1101 1737
1101 3294
1101 2266
1102 259
1103 2883
1104 3585
1104 4620
1104 3935
1105 1820
1106 392
1106 52
1106 2830
1106 356
1107 276
1108 2964
1109 1315
1110 105
1110 3405
1111 1108
1111 2218
1111 2503
1112 152
1112 3294
1112 3599
1112 1110
1113 4704
1113 4928
1113 738
1113 3731
1113 1055
1113 384
1113 448
1113 2493
1114 1716
1114 782
1114 1976
1115 2254
1115 527
1115 2416
1115 1397
1116 3782
1116 893
1117 4272
1117 3350
1118 3790
1118 2509
1119 116
1119 2438
1120 1127
1120 4968
1120 3828
1120 1501
1120 2487
1121 2186
1121 3726
1122 3839
1123 2663
1123 4032
1123 1928
1123 4748
1124 4753
1125 3807
1126 3374
1127 4356
1128 2314
1129 1102
1129 2639
1130 646
1131 1468
1131 4147
1132 901
1132 4089
1132 2520
1132 3078
1133 3519
1133 17
1133 480
1133 4544
1133 1915
1133 119
1133 1027
1133 1018
1134 3420
1135 4238
1136 3757
1137 909
1138 3783
1138 2503
1138 2181
1139 98
1139 1288
1140 2172
1140 3768
1140 1223
1141 2437
1141 3857
1142 1365
1142 2741
1142 405
1143 4480
1144 3718
1145 2702
1145 1567
1146 1170
1147 412
1147 1178
1147 1719
1148 808
1149 3708
1149 1845
1149 2711
1150 826
1151 1574
1152 2392
1152 2218
1152 1272
1153 4121
1153 1419
1153 3296
1153 4121
1154 4049
1155 418
1156 3451
1156 2452
1156 2588
1157 3592
1157 4046
1157 711
1158 495
1158 4323
1159 1837
1160 11
1160 4129
1161 1436
1162 1673
1163 85
1163 1335
1163 720
1163 385
1164 2158
1165 251
1166 857
1166 3680
1166 1686
1167 2454
1168 783
1168 2678
1168 3006
1168 1295
1169 4128
1170 3827
1170 4381
1171 1847
1172 4416
1172 1865
1172 4925
1173 1511
1173 1278
1173 3331
1174 532
1174 481
1174 4978
1174 3409
1175 439
1176 3001
1177 1968
1177 4895
1178 1924
1179 4702
1179 3221
1180 530
1181 4071
1182 2098
1182 2842
1183 646
1184 1901
1184 2385
1184 30
1184 2809
1184 4565
1184 184
1184 3365
1184 1034
1184 1219
1185 4324
1186 1440
1186 3763
1186 3418
1186 4787
1186 1673
1187 2602
1187 1767
1187 4813
1188 1781
1188 1299
1188 2242
1189 4800
1190 2149
1191 741
1192 950
1192 4407
1193 66
1193 705
1193 2500
1193 4704
1194 4887
1194 3987
1195 3464
1195 1988
1195 2759
1195 86
1196 3571
1196 599
1197 4046
1197 4441
1197 2590
1197 991
1198 4309
1198 4381
1198 4206
1199 4483
1199 3866
1200 4137
1200 4283
1201 346
1201 463
1202 2385
1203 4026
1204 2177
1205 1298
1205 1306
1206 876
1206 4507
1206 3136
1207 967
1208 3122
1209 4720
1209 205
1209 2969
1210 1695
1210 3836
1211 696
1211 4703
1211 4703
1212 139
1212 35
1212 288
1213 277
1214 3172
1215 3964
1216 834
1217 4824
1217 4358
1218 4225
1219 2908
1219 3439
1220 4947
1221 820
1221 1355
1222 438
1222 2023
1222 3231
1223 1173
1223 479
1224 1942
1225 2240
1225 4925
1225 4869
1226 321
1227 2388
1227 4572
1227 1978
1227 2218
1228 3192
1229 4082
1229 3258
1230 707
1231 453
1231 934
1232 1228
1233 2745
1234 2616
1234 2195
1234 734
1235 816
1235 1788
1235 174
1236 1412
1236 660
1237 1150
1238 4150
1239 2299
1240 3684
1241 4792
1242 3345
1242 703
1243 3123
1243 948
1243 3278
1243 948
1244 4356
1245 2624
1245 809
1245 3058
1246 1212
1246 2974
1247 1005
1248 4140
1248 1036
1248 126
1248 4425
1248 406
1248 4244
1249 280
1249 4791
1249 4837
1250 2894
1251 1970
1251 825
1252 4716
1253 4733
1254 4407
1255 453
1255 4076
1256 2470
1257 2157
1257 1669
1258 2407
1258 4325
1258 3357
1259 1384
1259 3887
1260 786
1261 1563
1261 4160
1261 3958
1262 296
1262 2803
1263 4824
1264 1092
1265 2948
1266 4860
1267 4365
1267 683
1268 2584
1269 1901
1269 3890
1270 867
1270 4018
1271 4835
1271 868
1272 1254
1273 2609
1273 988
1274 1511
1274 4856
1274 2969
1274 4322
1274 1278
1275 2060
1276 421
1277 4547
1277 3323
1277 1287
1278 3649
1279 3423
1279 4224
1279 2309
1279 3682
1279 2913
1280 2406
1280 4539
1280 1250
1280 4454
1281 4992
1281 3976
1282 3827
1282 3827
1283 181
1284 4955
1285 278
1285 2011
1285 4111
1286 3648
1286 2578
1287 1756
1287 4563
1287 759
1288 2380
1288 3331
1289 866
1289 3918
1290 3518
1291 2059
1292 4892
1293 4345
1293 4203
1293 3757
1293 4082
1293 2571
1294 1713
1295 4297
1296 3764
1296 2178
1296 3986
1297 1659
1297 831
1298 267
1298 2085
1299 4333
1299 4216
1300 410
1301 3632
1302 1262
1303 423
1304 1261
1304 895
1304 3124
1305 190
1306 4969
1306 436
1307 1721
1307 3846
1308 3625
1308 4691
1308 3522
1308 4511
1308 768
1308 4750
1309 4917
1310 384
1311 4792
1311 4838
1312 4138
1313 3066
1313 1048
1314 391
1314 1313
1314 3411
1315 758
1315 2918
1315 2918
1316 1378
1317 2320
1318 294
1319 936
1319 1384
1319 646
1320 3475
1320 1525
1321 2834
1322 1921
1323 1501
1323 2487
1323 1427
1323 3858
1324 4879
1325 1886
1326 1059
1326 1059
1327 2541
1328 4817
1329 4783
1329 3479
1329 2840
1330 1869
1330 890
1330 1914
1330 4918
1330 1184
1331 1492
1331 3821
1331 1484
1332 3976
1333 971
1333 1672
1333 3890
1334 2494
1334 2551
1335 2607
1336 428
1336 1657
1337 1440
1337 1619
1338 1183
1338 3370
1339 702
1340 846
1341 4899
1342 1339
1342 1003
1343 4753
1344 1753
1345 514
1346 3062
1346 3900
1347 2146
1347 2369
1347 300
1348 3522
1349 3169
1349 2713
1350 2325
1351 985
1352 4021
1353 3865
1353 1697
1353 4412
1353 4857
1353 2438
1354 630
1355 1142
1355 2012
1355 3602
1356 4608
1356 2063
1357 3287
1358 4313
1359 335
1359 166
1359 323
1360 4087
1361 809
1361 3745
1361 2269
1361 2819
1362 4847
1362 2156
1363 3694
1363 4081
1363 1824
1363 3044
1363 4799
1363 420
1363 65
1364 4480
1365 4316
1365 1423
1366 3213
1366 3489
1366 1008
1366 3072
1367 2395
1367 4957
1367 925
1368 3539
1368 4859
1369 4593
1369 4082
1370 3731
1371 4644
1371 3205
1371 3625
1372 3823
1373 1219
1373 3362
1374 282
1374 4056
1374 1129
1374 4905
1374 4874
1375 4885
1375 2682
1375 829
1376 4132
1377 2031
1377 3028
1377 4968
1378 4008
1378 1325
1378 3721
1379 882
1379 3623
1379 796
1379 609
1380 1144
1380 1065
1380 4091
1380 1841
1380 2272
1380 278
1380 1129
1380 1858
1381 2099
1381 4020
1382 1210
1382 4199
1383 1375
1384 3005
1384 1244
1385 3473
1386 3866
1386 2273
1387 1271
1388 1978
1388 2727
1389 2898
1389 4195
1389 3578
1389 100
1390 734
1391 1054
1392 4800
1393 3510
1394 516
1394 2181
1395 328
1395 3874
1396 2881
1396 667
1397 4192
1398 4851
1398 1723
1399 277
1400 88
1400 2920
1400 4556
1401 1862
1402 1496
1403 2107
1404 4690
1404 1614
1404 925
1405 4698
1405 2755
1406 4076
1406 4062
1407 4966
1408 3686
1408 218
1408 966
1409 4354
1410 4811
1411 458
1412 996
1412 2070
1412 3110
1412 4167
1413 2251
1413 1931
1414 1323
1414 1941
1415 1965
1416 4220
1417 3123
1417 1580
1418 3011
1419 2232
1419 4877
1419 4924
1420 3570
1420 2456
1420 3858
1421 127
1422 1990
1422 4192
1422 295
1422 3012
1423 1748
1423 499
1423 453
1424 3972
1425 4026
1426 3668
1426 3571
1427 3131
1427 3591
1428 277
1428 4881
1429 4026
1430 1673
1430 4899
1430 738
1430 3625
1430 2164
1430 1586
1430 4146
1430 4704
1431 1503
1432 4334
1432 1599
1432 2468
1433 409
1433 1995
1433 4786
1434 1939
1434 752
1434 1893
1435 2921
1436 1712
1436 3433
1436 4285
1437 1622
1437 2433
1437 4961
1438 3253
1438 4093
1439 101
1439 3092
1439 3561
1439 1270
1439 2578
1439 2091
1440 1315
1440 2462
1440 1225
1440 2468
1441 4896
1441 4799
1442 3797
1443 2475
1443 4026
1443 3718
1443 3973
1443 2814
1444 2495
1444 3965
1444 924
1445 1730
1446 3818
1446 3807
1446 582
1446 4128
1447 4066
1448 148
1448 451
1448 4056
1449 736
1449 2788
1449 2610
1449 4586
1449 4087
1449 1333
1449 1547
1449 2540
1450 914
1451 2917
1451 1934
1452 13
1453 547
1454 680
1454 1102
1455 4239
1455 624
1456 313
1456 3519
1457 2425
1458 25
1459 1551
1460 1313
1460 1599
1461 872
1461 1727
1462 3761
1463 3708
1464 3630
1464 3463
1465 3482
1466 1205
1467 4866
1468 1582
1468 3401
1468 3107
1468 3759
1468 2809
1468 840
1468 2161
1468 762
1469 3116
1470 2546
1470 669
1470 1026
1471 957
1472 283
1472 3627
1473 52
1473 2438
1473 1313
1473 264
1473 57
1473 525
1473 4076
1474 4578
1474 1382
1475 2174
1476 2880
1477 4444
1478 1335
1479 2207
1479 551
1479 4803
1479 3245
1480 597
1480 890
1480 1184
1480 533
1481 245
1481 4834
1482 2230
1483 4356
1484 167
1485 393
1485 4928
1485 3137
1486 1425
1487 2332
1487 4042
1488 4989
1489 4587
1489 2373
1489 90
1490 2156
1491 1279
1492 981
1493 4107
1494 2244
1495 2948
1496 522
1496 4520
1497 3748
1497 1774
1497 1612
1497 3635
1498 2342
1498 2900
1499 1673
1500 3821
1501 2131
1501 2713
1501 1902
1502 1385
1503 4740
1504 917
1505 4605
1505 3224
1506 49
1506 271
1507 4207
1507 856
1508 2382
1509 4076
1510 629
1510 1141
1510 3360
1510 3581
1511 1660
1511 4444
1512 4756
1512 384
1513 2340
1514 4401
1515 2875
1515 4010
1516 1128
1516 3432
1517 3744
1517 3721
1518 2879
1519 1989
1519 2428
1520 4750
1520 3331
1520 3510
1521 2234
1521 2610
1521 4632
1521 2356
1522 34
1522 4474
1523 3573
1524 2132
1524 1706
1525 2718
1526 1041
1526 4900
1527 1875
1527 2779
1527 2493
1527 4845
1528 1732
1528 4310
1529 3390
1530 517
1530 3512
1530 2725
1531 1143
1531 2578
1532 233
1533 3726
1534 2435
1534 198
1534 1527
1534 4528
1535 3424
1535 3464
1535 3830
1535 1557
1536 4750
1536 2650
1536 3030
1536 2178
1536 3695
1537 793
1537 758
1537 1311
1537 258
1538 37
1538 4347
1539 93
1540 4657
1540 4943
1541 1645
1542 4179
1542 4417
1542 2766
1542 207
1542 4478
1542 4726
1542 1382
1542 4786
1543 3294
1543 2478
1544 4679
1544 963
1545 3381
1546 134
1547 3979
1547 1389
1547 3783
1547 1555
1548 3181
1548 224
1549 2753
1549 2664
1550 2819
1550 1801
1550 4182
1551 1045
1552 2557
1552 2632
1553 3837
1554 4705
1555 2040
1555 1679
1556 3450
1556 243
1557 3464
1558 1554
1558 1673
1559 2368
1560 1769
1560 3958
1560 2505
1561 2140
1562 1048
1562 3133
1562 1382
1562 2291
1563 4618
1563 4157
1564 591
1565 1686
1566 2253
1566 2943
1566 609
1566 15
1566 100
1567 277
1567 4129
1567 989
1567 277
1568 2377
1569 2093
1570 1746
1570 4071
1571 850
1571 2016
1572 245
1573 1791
1574 2115
1574 235
1574 2627
1575 1977
1576 1573
1576 1427
1577 2148
1577 4277
1577 1209
1578 4039
1579 3391
1579 2260
1579 3780
1579 3780
1580 912
1581 4076
1581 3991
1582 658
1582 4996
1582 1718
1583 4355
1583 695
1584 4041
1584 2301
1584 3253
1585 3795
1586 279
1586 2192
1586 3542
1587 3285
1587 3531
1588 1082
1589 911
1589 1856
1590 4404
1590 779
1591 1905
1592 603
1592 3097
1592 1055
1592 1941
1592 4245
1593 1733
1594 4277
1595 2086
1596 525
1597 4616
1597 4432
1598 6
1598 4938
1598 2763
1598 4054
1598 989
1598 3863
1598 4632
1599 2295
1599 738
1600 3927
1600 4681
1601 1782
1601 3656
1602 1167
1602 493
1603 2730
1603 3318
1603 1247
1603 1850
1603 1850
1604 1066
1604 1511
1605 4116
1606 4579
1606 2236
1607 4799
1607 293
1608 1234
1609 4821
1609 3639
1610 2729
1610 462
1611 4006
1611 3788
1611 4397
1611 1406
1612 4115
1613 2196
1614 4783
1614 241
1614 4397
1614 1149
1614 1342
1614 4347
1614 690
1614 2636
1615 2960
1616 4701
1617 4043
1618 1402
1618 2489
1618 2586
1619 1923
1620 133
1621 2222
1622 860
1623 2289
1624 2510
1624 3695
1625 3509
1626 4925
1627 3207
1627 2218
1627 1978
1627 3363
1628 1703
1628 1382
1628 3066
1628 2901
1629 3622
1630 4562
1631 1214
1631 4005
1631 737
1632 2873
1632 4860
1633 4039
1634 1507
1635 3777
1636 244
1637 2788
1638 4858
1638 4858
1639 2779
1639 2567
1639 1807
1639 4206
1639 4632
1640 444
1640 1309
1640 4928
1641 4729
1641 1604
1642 1673
1643 4772
1643 2712
1643 3892
1644 4560
1644 4996
1644 4260
1645 3920
1645 1195
1646 1226
1646 2669
1646 4659
1647 3288
1648 4869
1648 720
1648 2279
1648 3501
1649 348
1650 4076
1650 661
1651 639
1652 1007
1653 1693
1653 4108
1653 3505
1654 2603
1654 1295
1655 3993
1655 1186
1656 2757
1656 4743
1657 3299
1657 2064
1658 3660
1659 4643
1659 1933
1660 1371
1661 4209
1662 2937
1663 2220
1664 3706
1665 3236
1665 3370
1665 2029
1666 4056
1666 4604
1667 2577
1667 3155
1667 2040
1668 1362
1669 4692
1670 3359
1671 3027
1672 4709
1672 4641
1672 2260
1673 4312
1674 1115
1674 564
1674 2141
1675 75
1675 3728
1675 3269
1675 1132
1676 2633
1676 176
1676 4514
1677 352
1678 1029
1678 1582
1678 695
1678 3066
1678 2001
1679 1116
1680 2701
1680 4494
1681 106
1681 4451
1681 1037
1682 307
1682 1542
1683 3964
1683 2474
1683 4180
1683 1555
1684 3104
1685 2830
1685 1065
1685 3229
1685 4869
1685 4869
1685 356
1686 2415
1686 2160
1686 816
1687 2905
1687 3909
1688 2740
1689 2885
1689 305
1690 705
1691 4343
1691 2899
1692 2552
1693 2328
1693 816
1693 3722
1694 2450
1694 4424
1694 1989
1694 2499
1694 298
1695 1151
1696 4356
1696 2964
1697 4719
1698 3595
1699 2700
1700 1685
1701 504
1701 1680
1702 1852
1703 2554
1704 3487
1704 1101
1705 4377
1706 1214
1707 4659
1707 956
1708 4394
1708 4218
1709 1416
1709 2770
1709 2807
1710 82
1710 3126
1710 1154
1711 4094
1711 2812
1711 3604
1711 2101
1712 1655
1712 1486
1713 3341
1714 2207
1715 2094
1715 1499
1715 4733
1716 1654
1717 126
1717 1036
1718 1099
1719 171
1720 554
1721 3858
1721 2785
1721 477
1722 3640
1722 1495
1722 2659
1722 4071
1722 2874
1722 2784
1722 434
1723 1197
1724 2968
1724 3483
1724 488
1724 3097
1725 1771
1725 4193
1725 4925
1726 4549
1726 4649
1726 2799
1726 2006
1726 4766
1726 230
1727 3318
1727 4318
1727 1246
1728 2218
1729 4098
1730 4429
1731 200
1731 4912
1731 2034
1732 310
1732 310
1733 4935
1734 1135
1735 2326
1735 2178
1735 357
1736 2990
1737 2058
1738 1737
1739 4431
1739 2219
1740 119
1740 17
1741 3488
1742 54
1742 813
1743 1004
1744 908
1745 4869
1745 720
1745 2752
1746 2006
1747 214
1748 2576
1748 2903
1748 946
1749 1181
1749 868
1749 819
1749 609
1749 3895
1749 3895
1749 925
1750 4599
1751 4327
1751 4327
1752 1066
1752 2053
1752 4918
1752 3892
1753 4449
1754 2817
1755 4890
1755 4767
1756 4206
1757 4925
1757 3387
1758 1184
1759 127
1760 3410
1760 929
1760 877
1761 2758
1761 323
1762 3794
1762 4082
1763 3784
1763 757
1763 2394
1763 3405
1764 1601
1765 3331
1765 4371
1765 1830
1765 101
1765 1401
1765 244
1766 2002
1767 3
1768 282
1769 1548
1769 2356
1770 3172
1770 706
1770 778
1771 1219
1771 1306
1771 2212
1771 2339
1772 3928
1772 2715
1773 3232
1774 1701
1775 1140
1775 4928
1775 2414
1775 2929
1776 312
1776 4861
1777 2319
1777 1485
1778 3318
1779 592
1779 4781
1779 4169
1780 714
1781 4639
1782 956
1783 2136
1783 1067
1783 2631
1784 2980
1784 809
1784 2912
1785 4635
1786 4685
1787 3774
1787 2816
1787 1452
1788 3392
1789 4685
1789 4194
1790 1656
1791 794
1792 3699
1792 2320
1793 50
1793 3259
1794 3909
1795 2167
1796 612
1797 1652
1797 3394
1798 235
1799 2980
1800 4822
1801 1149
1802 873
1803 568
1803 2318
1803 1723
1803 568
1804 2616
1805 1903
1805 3340
1806 2481
1806 2797
1806 2797
1806 4499
1806 4499
1806 1728
1807 2320
1808 17
1808 480
1808 3519
1808 4394
1808 3206
1808 1915
1809 1553
1810 0
1810 4159
1811 4356
1812 2335
1812 2162
1813 2720
1813 822
1813 4596
1813 4731
1814 2914
1815 2171
1815 2055
1816 3071
1817 4731
1818 3820
1819 4254
1819 2326
1820 1397
1820 2913
1820 3543
1820 3338
1820 2178
1820 2503
1820 3519
1820 4544
1821 4906
1822 3786
1823 2141
1824 2652
1825 62
1826 4545
1827 2856
1827 2475
1827 2412
1827 3671
1828 4824
1829 372
1830 3739
1831 4657
1832 1791
1833 1726
1833 579
1834 4985
1835 3402
1836 173
1837 846
1837 1102
1838 360
1838 1892
1838 4774
1839 809
1840 1056
1840 1284
1841 4733
1841 2922
1841 4079
1841 2521
1842 3566
1843 2296
1843 3500
1844 2937
1845 1723
1845 328
1846 1996
1846 754
1846 4737
1847 1458
1848 3092
1849 58
1849 4855
1849 1367
1849 2444
1850 898
1851 3129
1852 690
1852 2
1853 2337
1853 3897
1853 1885
1853 331
1853 1426
1853 750
1854 4082
1854 4156
1855 1578
1855 4114
1856 2283
1857 2674
1858 4096
1858 2360
1858 3417
1858 512
1858 2486
1858 3632
1859 4939
1859 3283
1860 45
1860 4164
1860 4254
1860 2507
1861 1417
1861 4993
1862 4524
1863 609
1864 2446
1864 2811
1864 3467
1864 1120
1864 1316
1865 932
1865 2008
1866 2458
1867 4276
1867 294
1868 944
1868 949
1868 4733
1868 3646
1869 3408
1869 4623
1870 1096
1871 1088
1872 3504
1872 3349
1872 3102
1873 3019
1873 748
1874 4127
1875 2395
1876 3225
1877 1791
1878 1822
1878 4607
1878 1419
1879 284
1880 2799
1881 3111
1882 2906
1883 3817
1883 3403
1883 2147
1884 4040
1885 3559
1886 3143
1886 2747
1886 3143
1886 4148
1887 1448
1887 4504
1887 1234
1887 2386
1888 3936
1889 1486
1889 1582
1890 1773
1891 3514
1891 2704
1892 1097
1892 3513
1893 277
1893 1599
1893 4604
1893 937
1893 4056
1893 282
1894 989
1894 4869
1895 931
1896 1679
1896 453
1897 1782
1897 964
1898 2256
1899 904
1900 2370
1900 675
1900 810
1901 4015
1902 4511
1902 3757
1902 2927
1903 83
1904 483
1904 2782
1905 2155
1905 2328
1906 2622
1907 1897
1907 3179
1908 4331
1908 4039
1908 1563
1908 528
1908 3622
1908 4039
1908 4470
1908 3494
1909 3294
1910 2634
1911 38
1911 4263
1912 2330
1913 1064
1914 4076
1914 1348
1914 143
1915 1686
1916 3294
1917 3538
1917 789
1918 646
1918 1811
1919 4747
1920 2788
1920 4396
1921 2380
1921 2878
1921 4704
1921 1714
1921 4536
1922 4424
1922 3176
1923 4303
1923 3863
1924 1859
1925 1234
1926 2940
1926 4496
1927 4219
1928 3610
1928 1269
1928 3934
1928 837
1928 1152
1928 4191
1928 2669
1929 1872
1930 1300
1931 88
1931 418
1932 3841
1932 1365
1932 253
1933 2260
1933 609
1933 4204
1934 2420
1935 4743
1935 1142
1935 1134
1936 3076
1937 4734
1937 4589
1938 4461
1939 1435
1940 4636
1941 1973
1941 1178
1941 1572
1941 4068
1942 4652
1943 3883
1944 4428
1945 888
1945 4805
1946 2900
1947 2088
1948 2505
1949 1427
1949 3
1949 2519
1949 1669
1949 2430
1950 649
1951 3867
1952 248
1952 2172
1952 1107
1952 1795
1952 3441
1952 2422
1953 4456
1953 1427
1954 204
1955 4045
1956 3739
1957 4609
1958 2087
1958 3771
1959 3551
1960 3937
1960 2248
1961 2995
1961 3958
1962 1638
1963 951
1964 2824
1965 4909
1965 2166
1966 2891
1967 3309
1967 140
1967 1591
1967 1940
1967 4323
1968 1817
1968 1369
1969 3998
1969 2503
1970 1001
1970 3739
1971 1454
1971 4400
1972 975
1973 1172
1973 2645
1974 917
1975 26
1975 4601
1976 3350
1977 1166
1978 4141
1978 2646
1979 2312
1979 3866
1979 4369
1979 2901
1980 2405
1981 3485
1982 2561
1983 3762
1984 4008
1985 1388
1985 3738
1985 1992
1986 1234
1987 562
1987 4702
1988 3429
1988 647
1989 2046
1990 2102
1990 903
1991 337
1991 3716
1992 1079
1993 4463
1993 346
1994 2399
1994 2264
1994 2035
1995 3039
1995 1491
1995 2801
1996 1083
1996 1374
1997 4431
1997 4729
1997 4540
1998 10
1998 4184
1999 1853
2000 4874
2001 2503
2001 2503
2001 3338
2002 1785
2002 2716
2002 1219
2003 2227
2003 4084
2004 656
2005 4022
2005 788
2006 2505
2006 3662
2006 921
2006 2780
2007 4828
2007 4962
2008 3338
2008 3234
2008 4391
2008 4234
2009 1119
2010 3836
2010 1614
2011 4207
2011 2712
2011 4976
2011 3106
2012 196
2012 4919
2013 1123
2013 1366
2013 4602
2014 4971
2015 3092
2016 3919
2016 614
2017 2258
2018 714
2018 3471
2019 2803
2019 2733
2020 1552
2020 1183
2021 3718
2021 2220
2021 1214
2022 3909
2023 2445
2024 3443
2024 845
2025 2295
2025 4361
2025 2158
2025 802
2026 1552
2027 3586
2027 4340
2027 3714
2028 461
2028 4735
2028 91
2029 4052
2030 3069
2030 917
2030 3237
2031 3911
2032 1390
2032 1390
2032 4760
2033 3806
2033 3576
2033 325
2033 939
2033 3510
2033 2776
2033 3908
2034 333
2035 2340
2035 3915
2036 3658
2036 809
2036 809
2036 3599
2036 4653
2037 2775
2037 4933
2038 428
2038 830
2039 3389
2040 2193
2040 3702
2041 3294
2041 2980
2041 2746
2042 1709
2042 2456
2043 2179
2043 2964
2043 1034
2044 436
2044 2475
2044 4668
2044 4969
2044 652
2044 4297
2044 861
2045 4132
2045 3909
2046 1757
2047 1235
2048 296
2049 2167
2050 1691
2051 3576
2052 4307
2052 3917
2052 2581
2053 4993
2053 799
2053 3783
2054 2808
2055 1589
2056 3622
2056 1621
2056 3294
2056 2628
2056 3070
2057 1857
2058 1101
2058 2512
2059 249
2059 250
2060 1695
2060 2910
2060 2925
2060 1738
2061 2927
2062 3804
2062 1879
2063 1986
2063 609
2063 1181
2064 3853
2065 779
2065 2016
2066 2832
2067 578
2067 3466
2067 3508
2068 3711
2069 1430
2070 3237
2071 2172
2071 587
2071 1256
2071 3265
2072 3151
2073 2261
2074 4363
2075 3212
2075 4130
2076 3421
2077 3709
2078 2178
2079 2026
2080 96
2080 3
2081 2150
2081 3212
2082 4740
2082 2417
2083 1941
2084 3958
2084 4347
2085 471
2085 2983
2085 1766
2085 1688
2086 2438
2087 2461
2088 2505
2089 3102
2089 4510
2089 4510
2090 4344
2090 4994
2091 2612
2092 3331
2093 923
2094 3058
2095 2953
2095 1313
2095 2788
2096 4121
2096 4190
2097 100
2097 4415
2097 1654
2098 4928
2099 346
2099 332
2099 3690
2100 3673
2100 1011
2101 845
2102 844
2103 2964
2104 4378
2105 4769
2105 842
2105 1729
2105 4347
2105 291
2106 1639
2107 2281
2108 686
2108 3757
2108 4511
2109 3522
2109 1937
2110 4668
2110 436
2110 4668
2110 4486
2111 729
2111 3866
2111 4018
2111 1313
2111 1599
2112 4930
2112 3965
2113 2490
2114 3112
2115 8
2116 3109
2117 366
2117 2267
2117 659
2118 4114
2118 2403
2119 3253
2120 3863
2120 4377
2121 1116
2122 2923
2123 1540
2124 4996
2125 275
2125 2895
2125 2686
2126 3804
2126 3928
2127 3770
2127 823
2128 534
2129 4525
2130 3482
2130 4353
2131 3976
2131 3904
2132 4621
2133 3630
2133 2372
2133 2336
2134 2742
2135 4053
2135 1448
2135 4028
2136 2525
2136 2442
2136 4585
2137 2602
2137 1514
2138 2921
2139 2460
2139 3883
2139 1056
2139 1061
2139 4048
2139 1419
2140 4374
2140 2964
2141 620
2141 2093
2142 4907
2143 616
2144 2440
2145 2922
2145 3510
2145 4087
2145 1767
2145 2320
2146 2964
2147 2304
2147 2689
2147 4599
2148 4241
2148 1105
2148 563
2149 3870
2149 520
2150 4608
2151 1489
2152 87
2152 807
2153 472
2153 472
2154 741
2154 1624
2154 1593
2155 3770
2155 850
2155 3636
2156 1344
2157 2897
2158 153
2158 634
2158 3617
2158 259
2159 2137
2159 2678
2160 3319
2160 3110
2160 3702
2161 2886
2161 4017
2161 4017
2161 3757
2161 1541
2162 3086
2163 2016
2163 4404
2164 1117
2165 2997
2166 511
2166 3741
2167 1943
2167 2671
2168 1859
2169 1391
2169 1138
2169 2355
2170 4966
2171 1521
2172 1798
2173 3276
2173 3276
2173 1389
2174 3556
2174 1711
2175 3874
2175 1442
2175 4056
2176 4131
2177 414
2177 38
2177 4796
2177 3807
2177 3051
2178 3309
2179 2832
2179 4853
2180 3736
2180 3247
2181 2610
2182 645
2183 790
2184 4085
2184 1871
2185 1420
2186 155
2187 1285
2188 1633
2188 2600
2189 2126
2190 402
2191 1140
2191 254
2192 1384
2192 1662
2193 2980
2193 2713
2193 4760
2193 1509
2193 1509
2194 686
2194 1089
2195 1877
2195 3822
2195 1877
2196 3834
2196 4818
2196 4844
2197 4242
2198 2536
2198 1310
2198 1187
2198 690
2199 229
2199 41
2200 17
2201 3376
2202 3364
2202 3146
2202 3259
2202 1634
2203 3619
2203 3110
2203 4128
2203 3673
2204 4242
2205 1209
2205 3620
2206 515
2206 3258
2207 2271
2208 1116
2208 450
2208 4837
2209 4545
2210 2808
2211 2705
2211 2678
2211 1718
2212 4420
2212 4114
2213 3804
2213 386
2214 3625
2215 2701
2215 1329
2216 3293
2217 2178
2217 1440
2217 1278
2217 2503
2217 4152
2217 1505
2217 1246
2217 4461
2217 4572
2218 363
2218 2570
2219 2143
2220 1516
2221 4859
2222 4475
2223 2207
2223 1772
2223 3976
2224 3892
2224 725
2225 1722
2226 4152
2227 4174
2227 692
2228 3258
2229 2754
2229 1979
2230 4781
2230 3351
2231 2067
2232 2714
2232 751
2233 3981
2234 49
2235 1354
2235 1354
2235 3087
2236 2420
2236 2628
2237 602
2238 3757
2239 1924
2240 384
2241 196
2242 4353
2242 2980
2242 2485
2243 3479
2243 1591
2243 3958
2244 3796
2244 2606
2245 923
2245 4128
2245 3246
2245 1065
2245 4984
2245 249
2246 3230
2246 4087
2247 863
2248 62
2249 2185
2250 4655
2251 277
2251 2900
2252 944
2253 525
2254 2320
2255 4026
2256 2336
2256 1723
2256 1141
2256 2218
2257 1184
2257 3550
2258 3383
2258 1968
2259 995
2260 2740
2261 1564
2262 2192
2262 740
2262 4083
2262 292
2262 2192
2262 3795
2263 4177
2264 4889
2264 4849
2264 3242
2265 3254
2265 3681
2265 2756
2266 4444
2267 2061
2268 4925
2268 4604
2269 3084
2269 1833
2269 263
2269 1684
2270 2159
2270 1823
2271 3619
2272 3757
2272 4193
2272 4780
2273 3967
2274 2245
2275 1384
2276 3259
2276 974
2276 1520
2277 3369
2277 80
2278 2513
2278 4756
2278 2187
2279 3517
2280 3172
2280 2472
2281 2309
2281 4976
2282 1978
2283 3408
2283 3126
2283 1910
2283 3200
2283 1981
2284 944
2285 1476
2286 3016
2287 2545
2288 4777
2288 4956
2289 3138
2290 4306
2291 1998
2292 4716
2292 2178
2293 4824
2294 212
2295 2041
2296 4822
2297 3843
2297 453
2298 193
2299 4056
2299 131
2299 2627
2300 628
2300 4119
2300 4131
2301 3933
2301 4576
2301 1924
2302 3514
2303 894
2304 187
2305 1582
2306 2924
2307 2307
2307 4814
2307 3128
2308 328
2308 1389
2308 3998
2308 800
2309 2910
2310 127
2311 1723
2311 3291
2312 978
2313 2944
2313 1960
2314 2403
2314 160
2314 3137
2315 3829
2315 4968
2315 1427
2316 2645
2316 805
2317 4299
2317 1314
2318 369
2319 4424
2319 4533
2319 3900
2320 3560
2320 4822
2321 4152
2321 4114
2321 2701
2322 700
2322 2503
2323 890
2324 437
2324 4857
2324 4604
2324 3990
2324 2587
2325 4534
2325 2062
2326 442
2327 3491
2328 131
2328 385
2329 383
2329 3287
2330 3630
2330 4572
2330 2306
2331 4296
2331 3992
2331 3563
2331 4407
2331 390
2332 4825
2333 1027
2334 2701
2334 3218
2335 1714
2335 1463
2336 2443
2336 3127
2336 1720
2336 498
2337 4323
2337 1737
2337 586
2338 4241
2338 4666
2338 3753
2338 4356
2338 2278
2338 4241
2339 3291
2340 4333
2340 3083
2341 3739
2341 1258
2341 185
2341 4029
2341 4796
2341 1924
2342 503
2342 977
2343 619
2344 596
2345 1359
2345 3266
2346 2723
2347 3108
2347 3781
2348 1774
2349 1879
2350 4836
2351 4378
2351 651
2352 2070
2353 2182
2354 1382
2354 3941
2354 1815
2355 525
2355 1335
2356 4378
2357 211
2358 1796
2358 2285
2358 2285
2359 4644
2360 4284
2361 3969
2361 4467
2361 3235
2362 2692
2363 3071
2364 4797
2365 862
2365 903
2366 1951
2366 3956
2367 646
2367 565
2367 2772
2367 546
2368 4154
2369 3565
2369 599
2369 100
2370 1342
2370 1324
2370 1131
2370 1642
2371 2240
2371 1800
2371 3254
2371 1266
2372 2202
2373 3622
2373 451
2373 1509
2374 1438
2374 887
2375 1958
2376 918
2377 4223
2378 4214
2378 2980
2379 1381
2380 3778
2381 3900
2381 3481
2381 3294
2381 438
2382 4311
2382 844
2383 2760
2384 3230
2384 1071
2384 3251
2384 3990
2384 4418
2384 4602
2384 890
2384 453
2385 4076
2385 4931
2385 2830
2385 2902
2385 4869
2385 2417
2385 4604
2385 1914
2385 890
2385 4515
2386 2977
2387 380
2387 3215
2388 356
2388 2086
2389 2468
2390 1055
2390 1323
2390 654
2391 433
2392 943
2393 4536
2393 4152
2393 2178
2394 3412
2395 1560
2395 648
2396 4610
2396 27
2397 4325
2398 46
2399 3411
2400 4366
2400 4270
2400 559
2401 1025
2401 2765
2402 2229
2402 4996
2402 648
2402 1591
2402 809
2402 4911
2402 321
2402 2980
2403 1881
2403 3071
2404 3075
2404 1373
2404 4986
2405 606
2405 3576
2406 3268
2407 4989
2407 3955
2408 768
2409 4222
2409 245
2410 4359
2410 356
2411 4635
2411 2464
2411 3002
2411 3113
2412 4602
2412 4115
2412 2104
2412 1313
2413 4076
2414 1462
2414 3299
2415 1674
2415 678
2415 632
2415 2137
2415 743
2416 1564
2416 2550
2416 1246
2417 2553
2417 2140
2418 3636
2418 2477
2419 2625
2420 1791
2420 2398
2420 1415
2420 4583
2421 1216
2421 1216
2421 3061
2422 2408
2422 4300
2422 2114
2423 2715
2424 3430
2425 3063
2426 4629
2426 673
2426 1455
2426 1455
2427 4134
2427 1072
2427 131
2428 3294
2429 4992
2430 2339
2430 2156
2430 117
2431 813
2432 3622
2433 132
2434 862
2434 927
2435 2460
2435 3467
2436 2267
2436 4014
2436 3511
2436 2704
2436 4295
2437 3752
2437 3048
2437 2662
2437 2672
2437 4206
2437 4633
2438 2697
2438 4073
2439 890
2439 3706
2439 343
2440 3019
2441 2236
2442 402
2442 3306
2443 321
2443 1200
2443 3309
2443 2812
2443 3632
2443 3632
2443 2812
2444 3390
2444 2561
2444 1589
2444 4076
2445 221
2446 1257
2447 3785
2447 1723
2447 2218
2447 4691
2448 4228
2449 4803
2450 4257
2450 4002
2451 3410
2451 3596
2451 3132
2452 2433
2452 2159
2452 4320
2453 1927
2453 674
2453 502
2454 110
2455 2418
2456 148
2456 809
2456 2476
2456 451
2456 2775
2457 4976
2457 2627
2457 4936
2458 2998
2459 134
2460 4860
2460 268
2460 4208
2460 813
2460 3651
2460 4966
2461 722
2461 3089
2461 3552
2462 1736
2462 1126
2462 3845
2462 1392
2462 2291
2463 3148
2463 4899
2464 3438
2464 2040
2464 795
2465 1928
2466 3231
2466 399
2466 1121
2467 545
2467 4696
2467 375
2468 2016
2468 1410
2469 1780
2469 1844
2469 711
2469 3031
2469 1925
2470 2870
2471 691
2472 4839
2472 3631
2472 3543
2472 4502
2472 2821
2472 1654
2472 4124
2473 1611
2474 87
2475 1714
2475 4244
2475 1055
2476 1862
2476 2847
2477 1932
2477 1932
2477 2465
2478 3716
2479 3132
2479 2980
2480 3101
2481 4757
2482 3850
2482 2342
2483 3000
2483 1620
2484 2518
2485 1234
2485 47
2486 3364
2486 569
2486 445
2487 2031
2487 96
2487 3
2488 2683
2489 3508
2489 374
2489 1292
2490 2422
2490 3894
2490 4353
2490 809
2490 3303
2490 2980
2491 3253
2492 1929
2493 3427
2493 2916
2493 1474
2494 2343
2495 850
2496 1403
2497 3434
2498 3267
2498 4724
2498 3027
2498 2813
2498 3816
2499 148
2500 1355
2500 4482
2501 3177
2502 351
2502 2830
2502 343
2503 2235
2503 4491
2504 1477
2505 3671
2505 3422
2506 1946
2506 4368
2506 4718
2507 4691
2507 3636
2507 1582
2507 2788
2508 2314
2509 619
2509 2939
2510 3455
2511 2176
2511 3770
2512 2685
2512 4766
2513 376
2514 3611
2514 764
2514 1178
2515 2678
2516 4309
2516 3427
2517 77
2518 1047
2518 3238
2518 100
2518 1259
2519 3564
2520 3123
2521 2905
2522 3477
2523 3365
2524 4545
2525 2425
2526 22
2527 2456
2528 3836
2528 4152
2529 4415
2530 3304
2530 202
2531 4076
2531 4213
2531 759
2532 2229
2532 809
2532 2422
2533 1239
2533 898
2534 4203
2534 2821
2534 4466
2534 4376
2535 1311
2535 1018
2535 909
2536 740
2536 372
2536 1377
2537 4630
2537 3619
2538 1345
2538 4076
2538 4076
2538 2986
2539 3265
2539 2980
2539 2436
2539 4353
2540 3382
2540 1554
2541 4438
2541 2403
2542 1013
2543 169
2544 3250
2545 915
2546 188
2547 3352
2547 3483
2547 4704
2548 2656
2549 2065
2549 1953
2549 2543
2549 2294
2550 4112
2551 4191
2552 1149
2553 127
2554 152
2554 2980
2554 1597
2555 2846
2555 4742
2556 4856
2557 3665
2557 3569
2558 1790
2559 4104
2560 161
2560 2923
2560 2901
2560 2863
2560 3408
2561 3494
2561 3294
2561 1384
2562 1065
2563 1972
2563 3493
2564 4374
2564 1284
2565 3623
2566 2619
2567 4076
2568 1818
2569 1908
2569 227
2569 4752
2570 87
2571 3543
2571 313
2572 462
2572 4449
2572 3729
2573 1300
2573 809
2573 3913
2574 4058
2575 2997
2575 552
2575 4753
2576 4244
2577 2172
2577 2871
2578 4690
2579 3046
2580 282
2580 2763
2581 1059
2582 2479
2583 4857
2584 4870
2585 3783
2585 1389
2585 2363
2586 97
2586 258
2587 2068
2587 52
2588 405
2588 12
2589 2973
2589 2044
2590 3739
2590 2218
2591 4755
2591 2831
2591 2320
2592 1262
2593 3624
2594 14
2594 1608
2594 3906
2595 2192
2596 4668
2597 626
2598 2768
2598 440
2599 2428
2600 1741
2601 3042
2601 3042
2601 621
2601 4866
2601 1355
2602 326
2603 4183
2604 4765
2605 1896
2605 2060
2605 4268
2605 2996
2605 2291
2605 4397
2606 2172
2606 2420
2606 2482
2606 4353
2606 3962
2607 4901
2608 4325
2609 3234
2610 2913
2610 3999
2611 2453
2612 4428
2612 3519
2612 17
2612 1915
2612 4419
2613 3097
2614 56
2614 2139
2615 303
2615 294
2616 3895
2617 4266
2618 3345
2618 2425
2619 1570
2619 879
2619 401
2620 2929
2620 3543
2620 2178
2621 1858
2621 4537
2621 51
2622 1654
2622 3021
2622 3205
2622 178
2622 295
2622 4207
2622 1412
2622 1412
2623 4107
2624 234
2625 4500
2626 1559
2626 3487
2626 2112
2627 4440
2628 4494
2628 4741
2628 3625
2628 1798
2628 2309
2628 1654
2629 1213
2629 1878
2630 4197
2631 73
2631 3718
2631 2220
2631 245
2631 3973
2632 4110
2633 1243
2633 367
2634 765
2635 2799
2636 2528
2636 3716
2637 2623
2638 3137
2638 472
2639 2565
2639 4050
2640 1038
2640 1926
2641 4825
2642 432
2643 3742
2644 3923
2645 2220
2645 1764
2645 3351
2645 3973
2646 2257
2646 914
2646 2258
2646 3784
2647 781
2647 3810
2648 2913
2648 1989
2649 3317
2650 4915
2651 686
2652 2308
2653 3051
2654 2809
2654 1044
2654 666
2654 11
2654 4545
2654 1219
2654 2863
2654 630
2655 633
2656 4931
2657 163
2657 3750
2658 4166
2659 1603
2659 1147
2660 1094
2660 2218
2661 2502
2661 1783
2661 4806
2661 1796
2662 2965
2662 1231
2662 3629
2662 1200
2663 4253
2664 3716
2664 2678
2665 1315
2665 2213
2666 534
2666 534
2666 1581
2666 4269
2667 1575
2667 518
2667 1538
2667 4022
2668 3707
2668 2084
2668 2164
2668 1460
2669 3431
2669 939
2670 148
2671 827
2671 252
2671 3681
2672 359
2673 2240
2673 683
2673 4857
2673 1472
2673 600
2674 925
2674 925
2674 2105
2674 4886
2675 3739
2676 4863
2677 1086
2678 1253
2678 1471
2678 4635
2679 902
2679 889
2680 2391
2681 2471
2681 1999
2681 789
2681 1753
2681 3216
2681 43
2681 4052
2682 297
2683 447
2683 730
2684 4424
2684 4464
2685 705
2685 3798
2685 4278
2685 4445
2686 1259
2686 2042
2687 4469
2688 1812
2689 1968
2689 1195
2689 4492
2690 1637
2690 4246
2690 3473
2691 1808
2691 2673
2691 69
2692 2618
2692 2459
2692 329
2693 1469
2694 1450
2695 2776
2695 408
2695 219
2695 4301
2696 2410
2696 2832
2697 1479
2698 4595
2699 4282
2699 960
2700 2788
2701 3352
2702 942
2702 3059
2703 3059
2704 1733
2704 1424
2705 183
2705 2008
2706 107
2706 764
2706 4822
2706 1054
2706 2863
2707 3057
2708 1676
2709 3543
2710 4419
2710 3012
2711 4114
2712 3932
2712 2284
2713 4793
2714 1835
2715 2939
2716 4891
2717 2889
2718 2087
2719 536
2719 4248
2719 4087
2720 2275
2721 3808
2721 4461
2721 3331
2722 150
2722 3769
2722 2866
2722 88
2723 558
2724 2971
2725 4015
2725 1055
2725 426
2725 265
2726 3772
2726 1209
2727 1707
2728 1983
2729 4635
2729 1585
2730 2320
2731 154
2732 3175
2733 1308
2734 3502
2734 141
2734 2206
2735 3924
2736 2456
2737 4558
2738 1133
2738 3390
2739 2869
2740 2239
2741 4711
2741 2579
2742 949
2743 4595
2744 2380
2744 2402
2745 4332
2745 4992
2746 3496
2747 772
2747 44
2748 1352
2748 4830
2748 4451
2748 4035
2748 438
2749 4065
2749 472
2750 2628
2750 1509
2750 3058
2750 3294
2751 2964
2752 4868
2753 1380
2754 909
2754 1879
2755 2341
2755 235
2755 4207
2755 4198
2756 3793
2757 397
2757 372
2758 1820
2758 3427
2758 1293
2759 1870
2760 2178
2760 1357
2761 2439
2761 541
2762 3634
2763 3877
2763 2434
2763 4845
2764 4946
2764 1427
2765 174
2766 710
2767 4189
2768 3301
2768 4436
2769 1508
2769 1283
2770 2342
2771 4393
2772 2036
2772 4881
2773 2503
2773 4152
2773 4942
2774 253
2774 2066
2775 63
2775 4955
2775 4973
2776 165
2776 3478
2776 3002
2776 4178
2777 88
2777 4405
2778 4377
2778 2704
2778 3674
2779 2178
2779 1260
2780 4536
2780 1654
2781 1973
2781 2808
2782 2980
2783 539
2783 3387
2783 643
2783 1735
2783 167
2784 4712
2785 102
2785 3384
2786 4803
2787 2558
2788 1056
2788 1056
2789 2750
2789 2892
2789 1581
2790 121
2790 1427
2791 2858
2791 4114
2791 4536
2791 1654
2791 2503
2791 270
2792 476
2793 3447
2793 216
2794 4703
2795 1055
2795 510
2796 4223
2797 4081
2797 3398
2798 2257
2798 2788
2799 4128
2800 1234
2800 2218
2801 829
2801 3913
2802 3797
2802 3663
2802 4647
2802 2329
2803 4883
2804 1452
2805 1511
2805 3318
2806 4026
2807 791
2808 1049
2809 4124
2809 3212
2809 1389
2810 363
2811 4521
2811 4130
2812 194
2813 3336
2814 4511
2814 4750
2814 3331
2814 711
2814 2552
2814 3387
2814 3757
2814 3739
2814 4046
2815 1234
2816 231
2817 4572
2818 1980
2818 2677
2818 1190
2819 4914
2819 105
2819 3779
2820 1654
2820 4750
2820 711
2820 2181
2820 3757
2821 3592
2821 3938
2821 4203
2822 2180
2823 1682
2823 3891
2824 3123
2824 3804
2825 2021
2825 3538
2825 1974
2825 3086
2826 1320
2826 2070
2826 3820
2827 526
2827 3546
2827 2108
2827 2516
2827 2004
2828 4476
2829 1653
2830 2128
2831 1419
2832 2333
2832 2830
2833 4927
2833 3650
2833 3241
2834 3539
2834 4082
2835 1763
2835 4916
2836 3834
2837 2821
2837 4716
2838 4611
2839 3263
2839 4279
2839 1278
2839 2575
2839 4920
2839 4920
2839 1494
2840 4730
2840 3149
2840 4786
2841 3365
2841 1275
2841 1302
2841 2369
2842 3074
2842 4126
2842 2848
2842 4768
2843 309
2843 3720
2843 955
2844 1217
2844 742
2845 4833
2845 2037
2845 2627
2846 1650
2846 4371
2846 256
2846 2678
2847 1453
2848 947
2848 113
2849 3233
2849 3975
2849 3835
2850 4015
2850 2391
2850 998
2851 2178
2851 2403
2852 3099
2852 1044
2852 763
2852 2809
2853 1079
2853 3622
2853 148
2853 2658
2853 3355
2853 4373
2854 3703
2854 2533
2854 526
2855 2413
2856 3499
2856 1637
2856 296
2856 4490
2856 3900
2857 79
2858 1073
2859 4049
2859 3073
2859 684
2860 4990
2860 1567
2861 2715
2861 2309
2862 1578
2863 3414
2863 1936
2863 4321
2863 4204
2864 4554
2864 1075
2865 1020
2865 1026
2866 3137
2866 1015
2867 1601
2867 2901
2867 3551
2867 2517
2868 3692
2869 2675
2869 2460
2869 3511
2869 1899
2870 1836
2870 3425
2870 3081
2870 1258
2870 2417
2871 4136
2871 717
2871 4330
2872 2992
2872 2240
2873 2205
2874 1910
2874 3408
2874 1981
2875 3271
2875 350
2875 3350
2875 3644
2875 852
2876 4323
2877 516
2877 1723
2878 3128
2879 384
2879 3682
2880 4682
2881 3598
2881 1230
2881 3758
2881 4114
2881 2178
2881 2145
2881 3757
2882 277
2883 137
2884 3672
2885 4881
2885 4580
2886 4946
2886 2155
2886 2352
2886 2154
2886 721
2887 4610
2887 3747
2887 2277
2887 1673
2887 3395
2888 3179
2889 3264
2889 568
2889 3849
2890 2993
2891 4194
2892 949
2893 4116
2893 4449
2894 3279
2895 3863
2895 1679
2896 4116
2896 341
2897 3174
2897 724
2897 2420
2897 1245
2898 561
2899 2497
2899 3081
2899 897
2900 897
2900 475
2901 1136
2902 4124
2902 3148
2902 4155
2902 2929
2903 4293
2903 683
2904 3739
2904 593
2905 1350
2905 1907
2906 1572
2906 3863
2907 3636
2907 3413
2908 228
2908 3465
2908 2771
2908 4204
2908 51
2909 4846
2910 3309
2911 3496
2911 1273
2912 3012
2913 1978
2913 328
2913 1570
2914 2049
2915 895
2916 4153
2916 2678
2916 1453
2917 2502
2917 4320
2918 4349
2918 1832
2919 2246
2920 4919
2920 3710
2921 473
2922 3014
2922 3426
2923 1319
2924 3641
2925 3730
2926 3519
2926 2504
2926 3625
2926 4046
2927 128
2928 2855
2929 337
2929 64
2930 4117
2931 4446
2931 1976
2931 4395
2931 1277
2932 989
2933 4173
2933 853
2933 3398
2934 4462
2935 828
2936 4054
2937 654
2938 2577
2938 720
2938 2165
2939 1191
2940 3716
2940 4099
2941 2743
2942 567
2943 878
2944 3872
2944 2155
2944 4948
2945 1868
2945 3249
2945 1543
2945 2389
2946 2719
2946 408
2946 2738
2947 2350
2948 593
2949 1807
2949 2110
2950 3148
2950 472
2951 101
2951 958
2951 953
2951 4926
2952 951
2953 1086
2953 4720
2953 330
2954 3323
2955 2240
2956 2900
2957 2795
2957 4991
2958 910
2958 1600
2959 2508
2959 4413
2960 2650
2960 103
2960 583
2960 4322
2961 1209
2962 4614
2963 2969
2963 2053
2963 1203
2963 2774
2963 1481
2964 1984
2964 2740
2965 1606
2966 2140
2966 4052
2966 789
2966 407
2967 4883
2968 2710
2969 3953
2969 1401
2969 989
2969 4947
2970 4106
2971 1799
2972 3240
2972 261
2973 1804
2974 3831
2974 3173
2974 608
2975 3645
2976 4857
2976 1335
2977 3400
2977 4450
2977 4037
2978 1055
2979 4405
2980 2677
2980 3434
2980 382
2981 2349
2982 3363
2983 96
2983 498
2983 1427
2983 3
2983 2614
2984 2809
2985 1971
2985 2815
2986 146
2987 1486
2988 1722
2989 2270
2990 1456
2991 3502
2991 949
2992 277
2992 2240
2992 2320
2993 3265
2993 2980
2993 3622
2993 451
2994 1335
2994 1133
2995 1616
2995 516
2995 3342
2996 3791
2996 1483
2997 4276
2997 1262
2997 4263
2998 1486
2998 4517
2999 1511
3000 1377
3000 3299
3001 937
3002 3636
3003 4433
3003 1178
3004 4600
3004 2549
3004 3949
3004 2157
3004 277
3005 2792
3006 315
3006 695
3006 2399
3006 1220
3006 465
3006 4895
3007 1565
3008 2602
3009 329
3010 3292
3010 538
3011 4388
3011 896
3012 237
3013 4259
3014 3811
3015 4856
3016 2984
3016 1762
3016 2693
3016 2297
3017 850
3017 1978
3017 1649
3018 3070
3018 3294
3018 2172
3018 4039
3019 1987
3019 1955
3019 4148
3020 2178
3021 2476
3021 3303
3021 148
3021 3058
3021 1806
3021 1390
3021 2183
3021 1737
3022 1923
3022 917
3023 69
3024 2291
3024 626
3025 906
3026 1821
3026 1422
3027 1451
3027 175
3027 757
3027 3945
3027 858
3027 757
3028 536
3028 2330
3028 949
3029 3453
3029 3519
3030 3592
3030 1924
3031 3123
3032 3914
3032 3361
3033 3940
3034 106
3035 797
3036 3193
3036 2985
3037 3105
3038 3302
3038 476
3039 4075
3039 3435
3040 1336
3040 516
3040 2204
3040 3331
3040 711
3041 3675
3041 1346
3041 4308
3042 2178
3042 4645
3043 4523
3043 2310
3044 4591
3045 149
3046 2320
3047 4271
3047 1314
3048 2422
3049 1962
3049 695
3050 2293
3050 4634
3051 258
3052 4928
3052 1897
3052 472
3052 2403
3053 225
3054 4669
3055 507
3056 833
3057 4362
3058 39
3058 2561
3058 1799
3058 2096
3058 258
3058 2859
3059 809
3059 2980
3059 1635
3060 3816
3060 1778
3061 4719
3061 1311
3061 4462
3061 2169
3061 3505
3061 1323
3061 654
3061 2627
3062 4832
3063 309
3063 2928
3063 4212
3064 925
3064 196
3065 2016
3065 496
3066 116
3066 1120
3067 2281
3067 1751
3068 4516
3069 2199
3070 4805
3070 3944
3071 3331
3071 2991
3071 4511
3072 108
3073 2582
3073 1387
3073 2582
3073 1102
3073 3365
3074 3017
3075 4348
3075 1490
3076 4754
3076 3150
3077 3229
3077 2320
3077 4056
3077 3866
3077 1521
3078 3668
3078 1663
3078 2595
3079 2560
3080 1548
3080 3965
3080 4835
3080 2051
3081 1568
3081 2112
3082 1369
3082 4114
3083 2689
3084 2417
3084 4931
3084 4918
3084 890
3085 1446
3085 797
3085 523
3086 3208
3086 4023
3086 2725
3086 3025
3087 637
3087 3625
3087 3499
3088 2460
3088 3350
3088 11
3089 1043
3090 3098
3091 3290
3092 2577
3092 1313
3092 4076
3092 4664
3092 3254
3093 4115
3094 3260
3094 4397
3094 321
3095 1780
3095 4128
3095 509
3095 2372
3095 2372
3095 2372
3095 2372
3095 2372
3096 4952
3096 168
3096 390
3097 3849
3098 4527
3098 2951
3098 972
3099 4654
3100 2034
3100 2734
3100 2426
3101 1855
3101 4602
3102 4766
3103 2183
3103 2420
3103 1390
3104 767
3104 1581
3105 277
3105 2320
3105 2900
3105 814
3106 3720
3106 2996
3106 1956
3107 4719
3108 3254
3109 2715
3110 4004
3110 1497
3110 3670
3110 1202
3111 3625
3111 4255
3111 2499
3111 2493
3111 2695
3112 4471
3112 4208
3112 3651
3113 1901
3114 3789
3114 4289
3115 2642
3115 408
3115 3832
3115 1557
3116 4628
3116 4979
3116 4628
3117 1848
3117 3368
3117 575
3118 4088
3119 3261
3119 4696
3120 4992
3121 2625
3122 3688
3122 2930
3122 543
3123 1146
3123 2073
3123 1494
3123 2823
3124 2728
3125 780
3125 1501
3125 3
3126 742
3126 841
3126 301
3127 4262
3127 3882
3127 2598
3128 646
3128 1384
3128 4713
3129 1953
3130 3757
3130 4925
3130 4351
3130 84
3130 4276
3130 2366
3130 3065
3130 247
3131 1323
3131 384
3131 97
3131 1055
3132 4555
3133 3351
3134 2527
3135 944
3135 2320
3135 4087
3135 2707
3135 949
3135 4593
3135 1305
3135 3092
3136 3356
3137 4869
3137 3743
3138 2070
3138 4203
3138 1807
3138 1807
3139 4689
3139 4134
3140 4658
3140 3705
3141 2627
3142 1760
3142 3529
3143 2601
3143 2965
3143 2643
3144 4973
3144 4390
3144 1270
3145 4792
3146 2919
3146 3555
3147 1281
3148 1700
3148 4377
3149 594
3150 2356
3150 642
3151 375
3152 3848
3153 3058
3154 1278
3154 653
3155 4483
3156 2735
3157 4812
3157 2736
3158 262
3158 215
3158 3082
3159 3315
3160 395
3161 2788
3162 1848
3163 2574
3164 2237
3164 313
3165 2319
3165 2494
3166 2310
3167 516
3167 1234
3167 1466
3168 3255
3169 4264
3170 1404
3170 1947
3170 2077
3171 2359
3172 4235
3173 2555
3173 4922
3173 2650
3174 2315
3175 2224
3176 4356
3176 2964
3176 941
3177 1582
3178 2412
3178 652
3178 3973
3179 906
3179 1506
3179 2843
3179 4918
3179 4602
3180 1892
3180 3720
3181 3294
3182 1550
3183 1144
3183 1810
3183 1173
3184 2433
3185 3058
3186 2821
3186 4942
3186 3154
3187 1024
3188 4868
3188 2040
3189 1488
3189 2017
3190 2652
3191 1775
3191 1040
3191 3331
3192 4059
3192 3385
3192 3973
3193 475
3193 1690
3193 4712
3194 3598
3194 3598
3194 2397
3194 1478
3195 4443
3196 2562
3197 3962
3198 11
3198 3282
3198 341
3199 1075
3199 1982
3200 388
3200 1258
3200 3739
3201 4513
3201 4799
3201 317
3201 321
3202 3768
3203 1183
3204 4274
3205 2016
3205 4766
3206 4839
3206 4192
3206 4856
3206 1813
3207 292
3207 2192
3207 4083
3208 2905
3208 2942
3208 3920
3209 2075
3210 1620
3211 217
3211 3142
3211 1313
3211 4689
3212 3585
3212 1758
3212 4622
3213 1673
3214 2446
3215 907
3215 874
3216 2861
3216 1882
3216 2627
3217 3185
3218 472
3219 3
3220 1486
3220 4070
3220 914
3220 1318
3221 1196
3222 914
3223 1930
3224 2281
3225 679
3225 48
3225 3393
3225 4951
